%Yaml
lens: pinhole

fx: 626.988211
fy: 628.445145
cx: 320.775097
cy: 241.177058

k1: 0.111697
k2: -0.17373
p1/k3: 0.001954
p2/k4: 0.001008